26	90	58	54	38	64	75	66	179	689	441	409	275	499	565	495
26	318	58	54	38	63	75	66	180	2520	444	409	276	498	565	494
25	143	58	53	39	63	75	66	178	1118	441	406	274	497	565	494
26	326	58	53	38	64	74	66	180	2578	442	408	275	498	565	492
26	444	58	54	38	63	74	66	181	3522	440	406	272	495	565	493
25	92	58	54	38	63	75	66	180	713	440	408	272	497	564	493
26	192	57	53	38	64	74	66	180	1509	438	403	271	496	561	492
25	106	58	54	38	63	74	66	181	820	441	408	274	497	564	491
26	115	57	53	38	63	74	66	181	895	439	406	273	496	563	491
25	343	58	54	38	64	75	66	180	2720	442	407	273	497	564	494
25	115	58	54	38	64	74	66	180	892	441	408	275	499	564	492
25	245	58	54	38	63	74	66	179	1932	440	408	273	496	563	493
25	227	58	54	38	64	74	66	180	1784	441	408	272	498	565	492
25	333	58	54	38	64	75	65	181	2633	442	408	274	498	564	490
26	166	58	54	37	63	74	66	180	1302	442	408	272	497	563	493
25	100	58	54	38	64	74	66	179	771	441	407	273	497	564	493
26	195	57	53	38	64	74	66	180	1532	438	404	270	496	562	489
26	89	58	54	38	64	74	65	180	685	441	409	275	498	562	494
26	362	58	54	38	64	74	66	181	2869	441	408	273	497	564	491
25	96	58	54	38	63	74	66	180	748	441	407	273	495	563	493
25	112	58	54	38	64	75	66	178	867	441	407	273	496	564	491
25	113	58	54	38	64	74	66	180	875	441	407	272	498	562	491
26	338	58	54	38	64	74	66	180	2676	441	407	273	497	564	492
25	156	58	54	37	63	74	65	180	1221	439	406	269	494	560	491
25	297	58	54	38	63	74	66	178	2350	441	407	271	495	564	490
26	188	58	54	38	64	75	65	180	1478	440	406	273	496	566	492
26	399	58	54	38	63	75	66	181	3168	442	407	272	498	563	491
26	320	58	54	38	63	74	66	180	2531	441	406	273	495	564	491
26	173	58	54	38	63	75	65	179	1351	441	406	272	496	562	491
25	138	58	54	37	64	74	65	180	1082	440	408	271	496	563	490
25	156	58	54	37	64	74	66	179	1224	440	406	272	498	564	491
25	349	58	54	38	64	74	66	180	2764	440	407	272	497	562	492
26	167	58	55	38	63	74	66	179	1313	442	408	274	497	563	492
26	158	58	54	38	64	74	66	180	1239	443	409	272	497	563	492
25	365	59	54	38	64	74	66	180	2894	441	407	274	497	565	492
26	195	58	54	38	64	75	66	181	1536	440	407	272	497	563	494
26	273	58	54	38	64	74	66	180	2156	441	408	273	495	564	492
25	291	58	54	38	63	74	66	179	2298	442	407	275	497	562	492
26	124	58	54	38	64	74	66	180	967	441	406	273	497	564	495
25	174	58	55	37	64	75	65	180	1368	441	408	272	497	564	492
26	98	58	54	38	63	74	66	181	756	441	407	274	496	563	492
26	317	58	54	37	64	75	65	179	2507	442	409	273	496	563	493
26	132	58	54	37	63	75	65	179	1023	442	409	272	495	564	492
25	164	59	54	38	63	75	66	180	1286	441	406	272	496	565	491
26	138	58	54	38	63	75	65	179	1076	442	409	274	495	565	491
26	193	58	54	38	64	74	66	180	1513	442	408	273	497	563	491
26	117	58	54	37	63	74	66	180	907	440	407	272	497	561	492
26	158	58	54	38	64	73	66	179	1243	441	407	273	497	562	493
26	215	58	54	38	64	74	66	180	1699	441	408	272	496	564	493
27	76	58	54	38	64	75	65	180	584	442	410	275	497	563	492
26	105	58	54	38	63	74	66	179	817	441	410	273	494	564	492
26	163	58	55	37	64	74	65	179	1273	438	408	273	495	563	491
26	124	58	54	37	64	74	65	179	968	441	408	273	495	563	492
26	346	58	54	38	63	74	66	182	2738	440	407	273	496	565	491
26	339	58	54	38	63	74	66	179	2683	439	408	271	497	562	492
26	167	57	54	38	63	74	66	178	1308	441	407	274	497	562	492
26	181	58	54	38	64	74	65	180	1422	442	408	274	498	563	491
26	325	58	54	38	63	74	66	180	2569	439	406	272	496	564	493
26	106	58	54	38	63	74	66	181	819	438	407	271	496	561	492
26	109	58	54	37	64	74	65	180	843	441	408	273	498	562	491
26	84	58	54	38	64	74	66	179	645	442	408	273	497	563	493
26	425	58	54	38	63	74	66	179	3364	440	407	274	497	562	492
26	304	58	54	38	64	75	65	180	2400	441	407	273	498	564	493
26	270	58	54	38	63	74	66	180	2132	441	408	275	494	561	493
26	184	58	54	38	63	74	66	181	1448	439	407	272	496	562	492
26	93	58	54	38	63	74	66	180	713	442	410	271	497	561	491
26	181	58	54	38	63	75	66	180	1420	443	407	273	496	565	492
26	153	58	54	38	64	75	66	180	1196	441	409	274	499	563	492
26	146	58	54	38	64	74	66	181	1144	442	407	273	497	563	491
26	168	58	54	38	63	74	66	180	1318	442	406	272	496	563	491
26	110	58	54	37	64	74	66	179	851	440	408	272	496	564	492
26	292	58	55	38	64	74	66	180	2305	442	408	271	496	563	492
26	87	58	54	38	63	74	66	180	670	442	406	271	495	563	491
26	205	58	54	38	63	74	66	180	1611	440	407	274	497	563	493
26	136	58	54	38	64	74	66	179	1060	440	408	274	498	564	492
26	325	58	54	38	63	75	65	178	2569	440	407	274	495	564	491
27	156	58	54	38	64	74	66	181	1220	441	408	271	497	563	490
26	183	58	54	37	63	74	65	182	1443	439	409	272	497	564	492
26	296	58	54	37	63	74	65	180	2335	442	409	272	496	563	492
26	146	58	54	38	63	74	66	181	1136	440	406	273	496	563	492
27	145	58	54	38	63	74	66	180	1133	443	408	274	497	562	491
26	256	58	54	38	64	74	66	180	2019	442	407	271	496	564	491
26	336	58	54	38	64	74	66	181	2661	440	408	273	496	563	491
26	122	58	54	37	63	74	65	179	948	441	408	273	494	564	492
26	93	58	54	38	63	74	66	180	721	440	406	272	495	563	492
26	268	58	54	38	64	74	66	180	2113	439	408	273	498	564	492
26	195	58	54	37	63	74	66	180	1530	440	407	272	494	562	491
26	332	58	54	37	63	74	65	181	2630	440	407	272	494	563	491
26	196	58	54	38	64	74	66	179	1543	442	406	273	496	564	493
26	350	59	54	38	63	74	66	180	2774	442	407	272	494	562	491
26	255	58	54	38	64	74	66	179	2010	440	408	272	497	562	492
26	164	58	54	38	64	73	66	180	1280	441	409	272	498	562	493
26	119	58	54	37	63	74	65	180	923	440	406	271	496	563	492
27	184	58	54	37	63	74	66	181	1443	442	408	271	496	565	492
26	334	58	54	37	64	74	65	180	2641	441	406	272	497	562	492
26	157	59	54	38	63	74	66	180	1224	441	408	274	496	562	492
26	321	59	54	38	63	73	66	179	2537	440	407	271	497	562	490
26	167	58	54	38	63	74	66	180	1302	440	407	273	498	561	492
26	638	57	53	38	63	74	66	180	3997	439	405	273	498	563	491
26	79	58	54	38	63	74	66	180	603	440	407	273	497	564	492
26	323	58	54	37	64	74	65	180	2554	441	407	271	497	561	492
26	146	58	54	37	63	74	65	181	1140	443	407	273	496	562	493
26	283	58	53	38	63	74	66	180	2229	440	407	273	497	564	491
26	88	58	54	38	64	75	65	178	676	441	407	274	495	564	492
27	259	58	54	38	63	74	66	180	2043	440	408	272	496	563	491
26	105	58	54	38	63	74	66	180	810	440	407	272	495	563	490
26	224	58	54	38	63	74	66	181	1764	440	409	273	496	564	492
26	159	58	53	38	63	73	66	180	1243	440	406	273	496	562	491
26	302	58	54	38	64	74	65	180	2389	440	409	274	496	563	491
26	161	58	54	38	63	74	66	180	1261	439	408	272	498	562	494
26	392	58	54	38	63	74	66	181	3102	441	409	272	497	561	490
26	168	58	54	38	63	74	66	180	1312	440	406	272	496	561	490
26	90	58	54	38	63	74	65	179	692	440	408	273	495	562	491
27	96	58	54	38	63	75	66	180	741	440	408	272	498	563	491
26	274	58	54	37	63	75	66	179	2163	441	408	272	495	562	493
26	141	58	54	37	63	75	65	180	1101	441	408	273	497	562	491
27	177	58	54	38	63	74	65	181	1386	440	407	271	494	561	491
26	122	59	54	38	63	74	66	180	947	443	407	272	496	565	492
27	153	58	54	38	63	75	66	181	1196	442	407	274	494	562	491
26	194	58	54	38	64	74	66	180	1522	441	408	272	496	564	492
26	178	58	54	37	63	74	66	180	1396	440	407	271	497	562	491
27	494	58	54	38	64	74	66	180	3901	440	409	271	498	563	491
26	226	58	54	38	63	74	66	180	1778	442	406	271	495	563	491
26	92	58	54	38	63	74	66	179	704	441	406	272	496	563	493
26	161	58	54	37	63	75	65	179	1257	441	405	271	496	562	491
26	135	58	54	38	64	74	66	178	1048	440	409	272	496	563	492
26	131	58	55	38	63	74	66	179	1021	442	409	273	497	561	493
26	93	58	54	38	63	74	66	181	716	440	408	272	496	563	492
26	155	59	54	38	64	74	66	180	1214	441	408	270	497	562	491
26	143	58	54	37	64	74	65	181	1114	441	407	271	497	564	492
26	97	58	54	38	63	74	66	180	745	439	408	271	495	562	492
26	199	58	54	38	63	74	66	179	1563	442	410	274	496	562	493
26	777	59	54	38	63	74	66	180	3963	442	407	273	496	563	494
26	156	58	54	38	64	74	66	180	1219	439	408	270	496	563	490
26	98	59	54	38	63	74	66	180	759	441	408	273	495	563	490
26	453	59	54	37	63	74	66	181	3590	441	406	273	498	564	492
26	100	58	55	37	63	74	66	181	776	440	408	271	495	564	493
26	320	58	54	38	63	74	66	181	2522	441	409	273	497	563	492
26	411	59	54	37	63	74	66	179	3246	441	408	272	496	564	492
26	821	57	54	38	63	74	66	181	3956	438	406	273	497	563	490
27	228	58	54	37	63	74	65	181	1790	441	409	273	495	564	490
26	289	58	54	37	64	74	65	180	2279	439	406	271	496	562	492
26	302	58	54	38	63	74	65	179	2383	440	406	271	497	563	490
26	146	58	55	38	63	74	66	180	1137	442	408	272	495	563	493
26	440	59	54	38	64	74	66	179	3478	440	407	272	498	563	493
26	285	59	55	38	63	74	65	180	2250	441	407	274	495	563	493
26	347	59	54	38	63	74	66	181	2740	442	408	273	496	564	492
26	297	59	54	38	63	74	66	181	2341	441	406	272	497	562	492
26	186	59	55	38	63	74	66	181	1456	442	407	271	495	564	490
26	105	58	54	38	63	74	66	180	809	442	409	273	497	562	491
26	158	59	54	37	63	74	65	179	1232	442	404	272	496	563	491
26	122	58	55	38	63	75	66	181	948	440	406	271	495	562	492
26	287	58	54	38	64	74	66	180	2263	440	406	272	496	563	489
26	164	59	54	38	63	74	66	181	1280	441	407	272	496	563	492
26	174	59	54	38	63	74	66	179	1359	442	407	271	496	565	491
26	128	58	54	38	64	74	66	181	992	441	406	271	496	564	490
26	149	59	54	37	63	75	65	180	1155	439	407	272	495	564	490
26	278	59	55	38	63	74	66	180	2192	441	408	272	495	562	491
26	159	58	54	37	63	74	65	181	1238	440	408	272	495	563	492
26	277	58	55	38	64	74	65	181	2188	440	408	273	495	565	491
26	138	58	55	37	63	74	66	181	1071	439	408	271	494	562	492
26	234	58	54	38	63	74	66	180	1841	439	408	273	496	563	491
27	129	58	55	37	63	74	65	181	1004	441	409	270	494	563	491
26	116	58	54	38	63	74	66	181	899	441	407	272	495	564	492
27	111	58	54	37	63	74	65	180	857	440	408	270	495	563	490
27	167	58	54	37	63	74	65	181	1301	441	408	271	496	562	493
27	166	58	54	38	63	74	66	180	1297	440	407	272	495	562	492
26	128	58	55	38	63	74	66	181	1002	441	408	274	497	563	491
26	165	58	54	38	63	74	65	180	1291	440	407	271	494	562	490
26	260	59	54	37	63	74	65	180	2045	440	406	271	495	561	490
26	108	58	54	37	63	74	65	180	838	441	406	271	495	563	490
26	230	59	54	37	63	74	65	180	1812	443	407	273	496	563	492
26	130	58	54	37	63	74	65	180	1014	439	406	270	495	563	491
26	120	58	55	37	63	74	65	179	930	441	409	272	495	563	493
27	249	59	54	37	63	74	66	179	1955	440	408	272	496	564	491
26	316	58	54	37	63	74	66	181	2490	439	407	273	495	562	492
27	105	58	54	38	63	74	65	181	810	442	407	271	497	562	491
26	167	58	55	37	63	74	66	181	1304	440	407	273	496	562	494
26	95	58	55	37	63	75	65	180	732	442	408	271	497	564	491
26	99	58	55	37	63	74	66	181	766	441	407	271	494	562	492
27	324	59	55	37	63	75	66	180	2554	440	408	271	495	564	491
27	359	58	54	38	63	74	66	181	2839	441	406	271	495	563	491
26	100	58	55	37	63	74	66	180	768	440	407	272	496	563	490
26	75	58	54	38	63	74	66	179	568	440	408	272	496	561	491
26	323	59	54	38	63	74	66	181	2551	440	408	273	496	562	493
27	310	59	54	38	63	74	66	181	2445	440	408	273	498	562	491
27	346	58	54	37	63	74	66	180	2733	440	408	270	495	561	492
26	151	59	54	37	63	74	66	179	1179	443	408	270	496	564	491
27	378	59	55	38	63	74	66	180	2983	440	410	272	494	563	491
27	350	59	55	37	63	74	65	180	2766	442	406	272	497	563	490
27	323	59	54	37	63	74	65	181	2549	442	408	272	495	561	492
27	162	58	54	37	63	74	65	181	1262	441	407	273	495	563	491
27	226	59	55	38	63	74	66	181	1781	440	406	272	495	563	490
26	167	59	54	37	63	74	66	180	1303	441	409	273	495	563	493
26	118	58	54	37	63	74	65	179	917	440	407	270	496	564	491
26	114	59	55	37	63	74	66	181	879	440	409	271	495	562	491
27	266	59	54	37	63	74	66	181	2085	441	408	272	495	562	493
27	123	58	54	38	63	74	66	180	955	441	407	271	495	563	490
27	329	59	54	37	63	74	66	181	2591	441	408	273	495	566	492
26	81	59	55	37	63	74	66	181	620	439	409	271	496	563	491
27	141	59	55	38	63	74	66	180	1096	443	410	273	493	562	493
27	102	58	54	37	63	74	66	181	783	440	408	272	495	564	491
27	83	59	54	37	63	74	65	181	634	443	408	273	495	563	491
27	208	58	54	37	63	74	65	179	1633	440	407	272	495	561	491
27	259	59	55	37	63	74	66	182	2036	440	407	272	495	563	491
26	281	59	54	38	63	74	66	180	2209	441	407	273	497	563	491
26	186	59	55	37	63	74	66	181	1457	441	407	272	497	563	490
26	132	59	55	37	63	74	66	180	1029	442	407	271	496	562	490
27	86	58	55	38	64	74	65	181	654	441	408	272	496	561	492
26	248	59	54	37	63	74	66	180	1948	441	407	272	495	561	492
27	303	58	54	38	63	74	65	180	2384	439	407	271	494	561	490
27	312	58	54	37	63	74	66	181	2460	440	408	272	494	562	492
26	153	59	55	37	63	74	65	181	1192	441	406	272	495	562	491
26	355	59	55	37	63	74	65	179	2808	440	408	271	495	562	491
27	826	58	54	37	63	74	65	181	3881	440	408	271	496	563	492
26	355	58	55	37	63	74	65	180	2808	441	405	271	494	564	490
27	122	59	54	37	63	74	65	181	944	442	409	273	493	563	491
26	201	58	55	37	63	74	65	179	1578	441	409	273	493	562	491
27	153	58	54	37	63	73	66	180	1195	440	408	271	498	562	492
27	171	59	54	37	63	74	65	180	1339	441	407	272	494	565	492
26	317	59	55	36	63	74	65	180	2501	442	408	271	495	563	492
27	312	59	54	37	63	73	65	178	2457	442	407	272	495	561	492
27	343	59	54	37	63	74	65	180	2707	440	409	271	497	561	489
26	179	59	54	37	63	73	66	181	1398	442	406	271	496	563	493
27	93	59	55	37	63	74	66	181	714	442	408	271	495	563	491
26	105	58	55	37	63	73	65	180	809	440	406	271	496	561	490
27	311	59	54	37	63	74	66	180	2453	439	408	270	495	563	492
26	157	58	54	37	62	74	66	181	1224	441	407	270	494	562	491
26	276	59	55	37	63	74	65	180	2174	440	406	272	493	563	490
26	186	59	54	38	62	74	66	180	1450	442	409	272	496	561	493
26	477	58	55	37	63	74	66	180	3776	440	408	272	498	564	492
26	150	59	55	37	63	74	66	180	1168	441	407	270	495	562	492
26	142	59	54	37	63	74	65	179	1105	439	407	270	493	561	491
26	91	58	55	37	63	74	66	179	695	441	408	271	495	561	491
26	96	58	55	37	63	74	66	181	736	441	408	269	496	564	491
27	219	58	54	37	62	74	65	180	1714	442	408	271	496	563	491
27	154	58	54	38	63	74	65	181	1200	440	408	272	495	562	492
27	133	58	54	37	63	74	65	182	1028	441	408	272	494	562	493
26	77	58	54	37	62	74	65	180	585	442	407	271	494	562	491
26	347	59	54	37	63	74	65	182	2735	440	404	271	494	564	492
27	124	59	54	37	63	74	65	181	959	441	409	271	496	564	491
26	340	59	55	37	63	74	65	180	2678	439	408	271	496	563	491
27	379	58	54	38	63	74	65	181	2994	441	408	272	495	563	491
27	209	58	54	37	63	74	66	181	1634	440	407	272	494	562	492
27	137	59	55	37	63	74	65	181	1062	440	406	272	495	564	492
27	259	59	55	38	63	73	65	181	2042	440	406	271	494	562	489
26	162	59	54	37	63	74	66	180	1262	441	403	272	496	560	491
27	282	58	55	37	63	74	65	180	2215	441	407	273	496	563	492
26	113	59	54	37	63	74	66	181	873	442	406	272	497	561	492
26	143	59	55	37	62	74	66	182	1115	440	407	271	494	561	490
27	581	58	54	37	63	74	65	183	3845	443	406	272	496	562	490
27	102	58	55	37	63	75	66	180	790	442	408	273	496	564	491
26	128	57	53	38	64	75	66	180	1001	438	406	273	495	564	494
26	283	58	53	38	63	75	66	179	2231	439	406	271	497	565	493
25	495	58	53	37	64	74	66	181	3911	439	406	272	496	563	491
25	102	58	53	37	64	75	65	180	791	441	406	273	495	563	491
25	195	58	53	38	63	74	66	180	1537	440	405	271	495	563	491
25	312	58	54	37	63	75	66	180	2463	440	405	271	496	563	493
25	82	58	53	38	63	74	66	179	631	438	406	271	494	563	492
25	349	58	53	37	63	74	66	179	2767	440	406	271	496	562	491
25	474	58	54	38	63	74	66	180	3758	440	407	272	495	564	491
25	184	58	54	38	63	74	66	180	1443	439	407	272	496	563	491
25	407	58	54	38	63	74	66	180	3221	440	407	273	495	562	490
25	80	58	53	38	64	74	66	180	613	440	405	272	496	563	491
26	335	58	54	37	64	74	66	179	2650	440	408	273	497	564	493
25	94	57	53	38	63	74	66	181	725	438	405	272	495	563	492
26	147	58	54	38	64	74	66	180	1150	442	407	271	496	563	491
26	103	58	54	37	63	75	66	180	794	441	406	273	495	562	493
25	308	58	54	38	64	75	66	181	2435	443	405	273	497	564	493
25	111	58	54	38	63	74	66	179	863	439	406	273	494	562	491
25	176	58	54	38	64	74	66	180	1382	439	409	271	496	563	490
25	106	58	54	38	63	75	66	180	820	438	406	273	497	565	494
25	349	58	54	38	63	74	66	180	2759	440	407	271	497	563	492
25	91	58	54	38	63	74	66	180	698	442	407	271	497	563	492
26	120	58	54	38	63	74	66	181	936	439	407	273	496	564	490
25	120	58	54	38	63	74	66	178	930	440	407	272	496	562	491
25	87	58	53	38	64	74	66	179	665	441	406	271	496	563	492
25	125	57	53	38	63	74	66	180	975	439	405	272	496	562	491
25	128	57	54	38	63	74	66	179	998	439	408	272	496	562	491
25	299	58	54	37	63	74	66	180	2360	441	408	272	494	564	493
25	230	58	54	37	63	75	66	181	1810	440	406	271	496	564	492
26	216	58	54	38	63	74	66	179	1696	440	408	272	495	562	493
25	168	58	53	38	64	74	66	181	1315	439	405	273	496	564	491
25	260	58	54	38	63	75	66	182	2055	441	406	271	496	562	491
26	228	58	54	38	63	74	66	182	1799	440	407	273	497	563	491
26	184	58	54	38	64	74	66	180	1445	439	406	272	496	564	491
26	317	58	54	37	63	74	65	179	2503	439	406	272	496	563	492
26	330	58	54	38	63	74	66	179	2606	438	407	272	497	562	491
26	123	58	53	38	63	74	66	180	961	441	404	272	495	563	491
26	163	58	54	37	63	75	65	179	1279	440	407	270	493	563	491
26	126	57	54	38	63	74	66	180	982	439	408	273	494	562	493
25	370	59	54	37	64	75	65	180	2929	442	406	271	496	563	492
26	164	58	54	38	63	75	66	181	1287	440	407	272	496	563	492
26	134	58	54	38	63	74	66	180	1049	442	408	273	495	563	493
26	357	58	54	38	63	74	66	181	2822	440	408	273	497	562	491
26	82	57	53	37	63	74	65	179	627	440	407	272	495	563	490
26	110	58	54	38	63	74	66	180	857	440	407	271	496	562	491
26	144	58	54	38	63	74	66	181	1123	441	407	273	496	563	493
26	183	58	54	37	63	74	66	180	1440	441	406	271	495	565	492
26	287	58	54	38	63	74	66	180	2264	439	407	273	495	563	490
26	122	58	54	37	63	75	66	179	950	441	406	271	496	563	490
26	136	58	54	37	64	75	65	179	1057	440	407	271	494	564	491
26	311	58	54	37	63	74	65	180	2459	440	405	270	494	563	492
26	87	58	54	37	63	75	66	180	674	440	408	271	494	563	492
26	171	58	54	38	63	74	66	180	1337	441	406	271	496	563	492
26	292	58	54	37	63	74	66	179	2303	441	408	272	496	563	493
26	87	58	54	38	63	74	66	179	671	440	408	273	495	562	492
26	172	58	54	37	63	75	65	179	1348	441	407	271	494	564	493
26	381	58	53	38	63	74	66	180	3019	441	406	271	496	563	493
26	189	58	54	38	63	74	66	182	1481	440	407	271	497	563	492
26	370	58	54	37	63	74	65	180	2925	441	406	273	495	563	492
26	365	58	54	38	64	75	65	180	2892	440	405	275	496	563	492
26	145	58	54	37	63	74	66	181	1135	441	406	273	496	563	491
26	91	58	54	37	63	74	65	179	703	440	408	273	494	562	491
26	126	58	54	38	63	73	66	181	980	440	407	272	495	561	492
26	237	58	54	37	63	74	66	180	1866	440	407	271	494	564	492
26	334	58	54	37	63	74	66	180	2641	440	407	272	497	562	491
26	313	58	54	38	63	74	66	180	2477	440	407	272	496	562	492
26	320	58	54	38	64	74	66	181	2529	439	405	271	495	561	491
26	328	58	54	38	63	74	66	181	2599	441	406	272	497	563	491
26	188	58	54	38	63	74	66	180	1479	440	407	272	496	561	492
26	167	58	54	38	64	74	66	181	1309	439	407	270	494	563	493
26	316	58	54	37	64	75	65	181	2493	439	407	272	495	563	492
26	163	58	53	38	63	74	66	180	1276	443	407	272	496	563	492
27	345	58	54	38	64	74	66	181	2729	440	407	271	496	564	492
26	242	58	54	38	63	74	66	180	1905	441	407	273	496	563	493
26	158	58	54	37	63	74	66	179	1237	439	407	272	494	564	493
26	350	58	54	38	63	74	66	181	2773	441	409	270	495	563	493
26	323	59	54	38	63	74	66	179	2554	440	406	272	495	562	492
26	284	59	54	38	64	74	66	180	2236	440	407	273	497	564	491
26	190	57	54	38	64	74	66	180	1493	440	406	272	498	564	491
26	200	58	54	38	63	74	66	180	1575	441	410	273	497	565	495
26	206	59	54	38	63	74	66	180	1623	442	409	272	499	564	493
26	171	58	54	38	63	74	66	181	1339	440	406	273	495	562	492
25	344	59	54	37	63	74	65	181	2718	440	407	272	495	561	489
26	203	58	54	37	63	74	65	179	1601	440	406	272	497	562	491
26	196	58	54	38	63	74	66	181	1536	438	406	271	495	562	493
26	427	58	54	38	63	74	66	180	3387	440	407	274	497	562	491
26	106	58	54	38	63	74	66	180	821	439	408	271	496	562	492
26	203	58	54	38	64	74	66	181	1594	441	408	271	496	563	492
26	190	58	54	38	63	74	66	181	1493	440	407	272	495	563	492
26	137	58	54	37	63	74	65	181	1070	440	407	273	494	563	491
26	165	58	54	37	64	74	65	182	1297	442	406	273	497	563	492
26	161	58	54	38	63	74	66	181	1259	440	406	272	494	561	490
26	166	59	54	38	63	74	66	181	1298	440	409	272	494	564	491
26	168	59	54	37	63	74	65	181	1315	442	406	271	496	563	491
26	307	58	54	37	63	74	66	181	2420	441	408	273	495	563	492
26	81	58	54	37	63	74	65	180	622	440	409	273	495	562	492
26	110	58	54	38	63	74	66	180	844	439	407	271	495	562	490
26	146	58	54	38	64	74	66	180	1139	441	408	273	496	563	490
26	82	58	54	37	63	75	65	180	626	440	408	272	495	564	492
26	347	59	54	38	63	74	66	179	2741	442	407	273	493	564	491
26	178	58	54	38	63	74	66	180	1391	442	409	270	494	562	490
26	115	58	54	37	63	74	66	181	894	440	407	272	494	562	492
26	136	58	54	37	63	74	65	178	1056	439	407	273	495	563	492
26	118	58	54	38	63	74	66	180	913	440	404	271	495	562	491
26	81	58	54	38	63	74	66	180	624	439	405	271	495	563	491
26	169	58	54	37	63	74	65	180	1321	439	407	270	495	563	489
26	530	58	54	38	64	74	66	181	3989	440	408	271	498	564	491
26	300	58	54	38	63	74	66	180	2366	441	409	273	496	563	492
26	112	58	54	37	63	75	66	179	862	441	405	271	495	564	492
26	105	58	54	38	63	74	65	181	814	441	407	272	496	563	490
26	140	58	54	38	63	74	66	180	1095	440	407	273	495	563	493
26	440	59	54	38	63	74	66	180	3486	441	407	272	495	562	491
26	339	58	55	38	63	74	66	181	2679	440	409	273	495	565	491
26	109	58	54	38	63	74	66	181	839	440	406	271	493	563	492
26	204	58	53	38	64	74	65	179	1600	438	407	271	495	561	488
26	113	59	54	37	63	74	66	179	872	442	407	269	496	562	491
26	128	58	54	38	63	74	66	181	996	440	407	272	495	562	493
26	97	58	55	37	63	75	65	180	748	440	407	271	495	563	491
26	166	59	54	38	63	74	65	180	1302	441	407	274	494	563	491
26	146	58	54	38	63	74	66	179	1138	439	409	273	495	562	494
26	355	58	54	38	63	74	66	180	2805	440	406	273	496	560	490
26	171	58	54	37	63	74	65	181	1339	441	406	270	496	564	491
26	176	58	54	37	63	74	65	179	1380	441	407	271	494	562	493
27	348	58	54	38	63	74	66	181	2748	439	405	272	496	563	490
26	133	58	55	38	63	74	66	181	1033	441	408	273	496	563	492
26	119	58	54	38	63	74	66	180	922	440	407	273	496	563	492
26	147	58	54	38	63	74	66	181	1150	441	407	273	497	564	492
26	82	58	54	38	63	74	66	181	627	441	408	272	496	563	492
26	84	58	54	37	63	74	65	180	640	441	408	271	493	562	493
26	176	58	54	38	63	74	66	181	1382	440	408	272	494	564	492
26	202	58	54	37	63	74	66	180	1583	438	408	271	495	562	490
26	86	58	54	37	63	74	66	180	654	439	406	273	495	562	493
26	145	59	55	37	63	74	65	181	1133	442	408	272	495	563	491
26	310	58	54	37	63	74	65	180	2443	441	407	270	496	563	492
26	132	58	54	37	63	74	65	181	1029	442	407	273	494	564	491
26	353	59	54	37	64	74	65	180	2789	440	408	274	495	562	492
26	83	58	54	37	64	74	65	181	631	440	407	270	494	564	491
26	140	58	54	38	63	74	66	180	1090	440	407	271	496	561	492
26	160	58	54	38	63	74	66	180	1251	442	408	273	497	562	492
26	334	58	54	37	63	74	66	181	2636	439	405	271	495	562	493
26	174	58	54	37	63	74	66	180	1361	439	407	272	494	564	492
26	158	58	54	38	63	74	66	179	1232	441	409	271	495	564	493
26	198	58	54	37	64	74	65	182	1555	440	406	273	497	564	491
26	176	58	54	37	63	74	65	180	1379	439	406	272	493	563	489
26	189	58	54	38	63	74	66	180	1483	441	407	274	495	563	491
26	356	59	55	37	63	74	65	181	2811	439	409	271	494	563	491
26	134	58	54	38	63	74	66	182	1044	443	408	272	496	563	492
27	323	59	55	37	63	74	65	181	2550	441	408	272	494	562	491
26	167	58	54	37	63	74	65	181	1305	440	407	273	495	564	491
26	347	58	54	37	63	74	65	180	2746	440	406	274	493	562	492
26	89	58	54	38	63	74	65	181	678	441	408	274	495	563	492
27	165	59	54	38	63	74	66	182	1289	442	407	272	497	563	492
26	270	59	54	38	63	74	66	179	2131	441	406	274	497	563	491
26	108	59	54	38	63	74	66	180	832	441	405	272	497	562	492
26	99	58	55	38	63	74	66	181	765	441	408	270	496	562	492
26	203	58	54	38	64	74	66	181	1596	439	406	272	497	562	491
26	122	58	54	37	63	74	65	181	943	441	406	272	494	563	491
26	456	59	54	37	63	74	65	179	3610	441	407	272	495	562	491
26	250	58	55	37	63	74	66	181	1968	441	408	272	494	564	491
26	356	58	54	37	63	74	66	180	2811	441	408	273	495	563	493
27	193	58	54	37	63	74	66	179	1512	442	407	272	495	563	492
26	159	59	54	37	64	74	65	180	1245	441	407	271	495	561	492
26	155	59	55	38	63	74	66	180	1211	440	408	271	496	563	491
26	283	59	54	37	63	74	65	182	2235	441	408	272	494	563	492
27	196	58	54	38	62	74	66	181	1538	441	407	270	493	563	491
27	103	58	54	37	63	74	66	179	793	440	407	273	495	562	491
26	476	58	54	37	63	74	65	180	3774	440	407	273	495	563	490
26	234	58	54	38	63	74	65	182	1844	441	408	272	494	562	490
26	419	59	54	37	63	74	66	179	3311	439	406	269	497	563	492
26	170	58	54	37	63	74	66	180	1330	440	408	270	495	562	492
26	169	58	55	37	63	74	65	180	1328	440	407	272	495	562	492
27	213	58	54	37	63	74	65	180	1670	440	407	271	496	564	491
27	92	58	55	37	63	74	66	180	709	441	410	271	495	563	493
26	83	58	54	37	63	74	66	181	634	440	408	272	495	563	491
27	104	58	54	37	63	74	66	179	799	441	409	273	496	563	492
27	80	58	55	38	63	74	66	181	606	439	408	272	495	561	492
26	155	59	54	37	63	74	66	181	1207	442	407	272	495	562	493
26	352	59	55	37	64	74	66	180	2783	441	409	271	497	565	492
26	328	59	55	37	63	74	66	179	2589	440	408	272	496	561	490
27	297	59	54	37	63	74	65	180	2335	443	406	270	496	562	491
26	87	59	55	37	63	74	65	180	666	442	408	271	495	563	490
27	226	59	54	38	63	75	65	182	1773	440	406	273	495	562	493
27	175	58	54	37	63	74	65	180	1370	440	406	271	494	562	490
27	196	58	54	37	63	74	65	181	1534	439	408	270	494	563	491
26	176	59	54	37	63	74	66	180	1371	442	408	272	495	564	490
26	123	59	55	37	63	74	65	181	949	440	407	272	496	563	492
27	157	58	54	37	63	74	66	180	1223	440	410	270	496	564	491
26	158	59	55	37	63	74	66	180	1232	441	408	273	493	564	492
26	141	59	54	37	63	75	66	180	1101	442	407	271	495	561	492
27	143	58	54	37	63	74	65	181	1115	441	407	271	494	562	492
27	132	58	54	38	63	74	66	181	1027	441	407	273	496	563	491
26	109	58	54	37	63	74	65	180	840	440	407	271	495	563	491
26	191	59	55	38	63	74	66	181	1494	441	408	272	496	563	491
26	229	59	54	37	63	74	65	181	1800	442	407	271	496	563	492
26	349	58	54	38	63	74	65	182	2751	440	409	271	495	563	492
25	89	59	54	37	63	74	65	179	685	441	408	272	494	563	491
27	262	59	54	37	63	74	65	181	2064	443	407	272	496	561	491
26	174	59	54	38	63	74	66	180	1360	440	407	271	497	563	491
26	146	59	54	37	63	74	65	180	1139	441	406	272	496	562	492
26	545	59	55	38	63	73	66	181	3896	441	408	272	495	563	491
27	382	58	54	37	63	74	65	180	3015	440	407	272	494	562	491
26	278	58	54	37	63	74	65	180	2191	440	408	272	496	562	489
27	82	58	54	37	63	74	65	181	630	441	407	271	498	561	491
27	95	58	54	37	63	74	66	179	731	440	408	272	495	562	491
26	307	59	55	37	63	74	66	180	2423	440	409	273	495	562	494
27	234	58	54	37	63	74	65	180	1842	441	406	274	496	564	492
27	434	58	55	38	63	74	66	182	3440	440	406	273	495	562	492
27	263	58	54	37	62	74	66	181	2064	440	407	273	495	562	492
27	305	59	55	37	63	74	66	181	2401	440	410	271	497	563	492
27	322	59	54	37	63	74	65	181	2532	440	408	272	494	562	491
27	303	58	54	37	63	74	65	181	2391	442	407	271	495	562	492
26	599	58	54	37	63	73	66	181	3884	441	407	271	493	563	492
27	177	59	54	37	62	74	66	182	1379	441	406	270	494	563	491
27	189	58	55	37	63	74	65	182	1486	440	409	271	495	564	490
26	296	59	55	37	64	74	65	181	2334	440	406	272	496	562	491
26	125	59	55	38	63	74	66	181	970	443	409	272	495	563	492
26	88	58	54	37	63	74	65	180	677	439	404	272	493	562	491
26	335	59	54	37	63	73	66	180	2650	440	405	270	493	563	491
26	154	59	55	37	63	74	65	181	1201	441	407	272	496	563	492
26	153	58	54	37	62	74	66	181	1198	441	408	271	494	561	493
26	181	59	55	38	63	74	66	180	1418	442	408	272	495	562	492
26	353	59	54	37	63	74	65	180	2783	441	408	272	496	562	493
26	187	58	55	37	63	74	65	179	1461	439	409	272	494	563	491
26	261	59	54	38	63	74	65	181	2059	440	407	271	496	562	491
26	191	58	55	37	63	74	66	180	1501	440	409	271	494	562	492
27	184	58	55	38	63	74	66	180	1446	440	408	273	495	563	492
27	225	59	54	37	63	74	65	180	1760	440	407	272	494	562	492
26	569	58	54	37	63	73	66	183	3868	439	408	272	495	563	492
27	502	59	54	38	63	73	66	181	3867	444	408	272	495	564	491
26	180	59	54	37	63	74	66	180	1410	441	406	273	494	563	494
26	155	58	55	37	63	74	66	181	1211	441	408	273	496	563	492
27	166	58	55	37	62	73	66	181	1301	442	409	272	495	562	492
27	164	58	54	37	63	74	65	181	1280	440	408	272	494	564	491
26	112	58	54	37	63	74	65	180	859	439	405	270	496	563	490
25	325	59	54	37	63	73	66	180	2561	440	406	271	495	561	492
27	155	58	54	37	63	74	66	180	1209	441	407	271	493	562	491
26	199	59	55	37	63	74	65	180	1557	441	406	271	496	563	492
27	125	59	55	37	63	74	65	180	969	441	408	273	495	562	491
27	152	58	54	37	62	74	66	181	1185	440	407	273	496	562	492
27	123	58	55	37	63	74	66	180	956	440	409	273	495	564	492
27	295	59	55	37	63	74	65	181	2324	440	407	273	495	562	491
26	78	59	55	37	63	73	66	181	597	439	409	272	495	561	491
26	366	59	54	38	63	74	66	181	2889	440	407	271	496	562	493
27	144	58	54	37	62	74	65	181	1118	441	406	272	495	563	491
27	84	58	55	37	63	73	66	181	641	440	408	272	495	562	492
27	92	59	54	37	63	74	65	180	700	442	406	271	495	563	492
27	193	58	55	37	63	74	65	179	1518	442	407	272	495	563	490
26	142	59	55	37	63	74	66	180	1107	440	408	271	495	564	492
26	144	59	55	37	62	75	66	182	1123	441	406	272	494	564	492
27	91	59	55	37	63	74	65	181	696	441	410	271	495	562	492
27	162	59	54	37	63	74	65	179	1270	440	409	270	496	563	491
27	112	59	54	38	63	74	66	182	862	442	407	272	495	562	491
25	113	57	53	38	63	74	66	180	878	439	407	273	495	562	490
26	364	58	53	38	63	75	66	179	2882	441	408	274	496	566	493
25	163	58	54	37	63	75	66	179	1282	440	406	272	496	565	493
25	186	58	53	38	63	75	66	181	1464	443	405	272	497	564	493
26	318	58	54	38	63	74	66	179	2511	439	408	272	495	563	491
26	147	57	53	37	64	74	65	180	1146	440	406	272	495	563	491
26	127	57	54	38	63	74	66	179	989	438	406	271	494	564	492
25	254	58	54	37	64	75	65	180	2007	438	406	272	495	562	493
25	93	58	53	37	64	75	66	179	712	440	407	271	498	562	492
26	135	58	54	37	64	75	66	180	1050	439	404	271	495	564	492
26	341	58	54	37	63	74	65	181	2697	439	406	272	495	563	492
25	143	58	54	37	63	74	66	181	1112	440	408	271	496	562	492
25	369	58	53	38	63	74	66	180	2921	442	405	271	496	564	493
25	357	59	54	37	64	75	66	179	2823	440	406	273	496	564	491
25	245	58	54	38	63	74	66	179	1932	440	407	272	496	564	491
25	146	58	54	38	63	75	66	181	1147	441	408	274	494	563	492
25	88	58	54	37	63	75	66	179	679	440	405	272	494	563	491
26	352	58	54	38	63	74	66	180	2789	440	407	273	494	563	493
26	254	58	53	37	63	75	66	181	2008	441	405	272	495	563	493
26	194	58	54	38	63	74	66	179	1523	441	406	273	494	563	492
26	151	57	53	38	63	74	66	179	1178	439	406	273	497	562	492
26	200	58	53	38	64	74	66	182	1576	440	406	271	496	565	492
26	372	58	53	38	64	74	66	181	2949	441	406	272	496	563	494
25	121	58	53	38	63	75	66	181	937	441	405	272	495	563	492
26	329	58	53	38	63	74	66	179	2602	439	404	271	495	563	491
26	328	58	54	38	63	75	65	179	2591	441	407	272	495	563	491
25	156	58	54	37	63	74	65	182	1220	440	407	272	495	562	492
25	338	58	54	38	63	74	66	180	2672	442	406	271	495	562	490
25	387	58	54	37	63	75	65	179	3066	442	408	273	496	564	492
25	281	58	54	38	63	74	66	179	2220	441	407	272	495	563	492
26	192	58	54	38	63	74	66	179	1506	440	406	272	495	563	492
26	86	58	54	38	63	74	66	181	662	442	407	272	497	563	492
26	148	58	54	38	63	75	66	180	1160	442	406	272	495	564	493
25	114	58	54	38	63	74	66	181	888	440	409	270	495	562	492
26	230	58	54	38	63	74	66	180	1812	441	406	272	494	563	493
26	88	57	54	38	63	75	66	180	680	439	407	272	493	562	492
26	186	58	53	38	63	73	66	181	1460	439	407	273	495	561	491
26	185	58	53	38	63	74	66	180	1449	442	406	273	496	562	494
26	261	58	54	37	63	75	65	181	2057	441	405	271	494	564	492
25	83	58	54	38	63	74	66	179	634	441	407	271	494	562	490
25	169	57	53	38	63	75	65	181	1321	439	406	272	495	565	491
26	83	58	54	38	63	75	65	181	640	441	407	273	494	566	493
26	278	58	54	38	63	74	66	180	2194	440	406	271	495	565	492
26	144	58	54	37	63	74	66	180	1130	442	406	269	494	564	493
26	107	58	54	38	63	74	66	181	830	442	407	271	495	562	493
26	123	57	54	37	63	75	66	182	960	438	407	271	494	564	492
26	78	58	53	38	63	74	66	180	597	441	407	273	496	564	491
26	225	58	54	38	63	74	66	180	1774	439	407	273	497	563	492
26	353	58	54	38	64	74	66	179	2796	440	405	273	496	564	493
26	2547	58	53	38	64	74	66	179	4046	439	407	271	497	563	491
26	214	58	54	38	64	74	66	179	1686	442	407	272	495	563	491
26	586	58	54	38	63	74	66	181	4044	440	406	275	494	563	492
26	338	58	54	38	63	74	66	181	2678	443	407	272	496	563	491
26	77	58	54	38	64	74	66	181	592	440	405	271	497	566	491
26	325	58	54	38	63	74	66	180	2572	440	408	272	496	563	491
26	220	58	54	38	63	74	66	180	1730	439	406	271	496	563	493
26	251	58	54	38	63	75	66	181	1977	440	408	274	493	565	492
26	273	58	54	38	63	74	66	180	2152	440	406	270	494	563	491
27	323	58	54	37	63	75	66	181	2556	441	407	271	495	562	493
27	171	58	54	38	63	74	66	181	1340	440	408	271	496	563	491
26	158	58	54	38	63	75	66	181	1236	441	407	271	494	563	492
26	82	58	54	38	63	74	66	182	628	441	405	270	495	561	490
26	133	58	54	37	63	74	65	180	1039	440	407	273	495	563	492
26	289	58	54	37	63	74	65	180	2281	441	408	272	493	562	493
25	121	58	54	38	63	74	66	180	942	441	406	273	493	562	492
26	125	58	53	37	64	75	66	180	975	440	406	273	494	564	493
26	124	58	54	38	63	75	66	182	963	441	406	273	498	563	492
25	178	58	54	38	63	74	66	179	1393	440	406	272	497	563	491
26	229	58	54	38	63	74	66	180	1808	441	407	271	495	562	491
26	344	58	54	37	63	74	66	180	2725	440	407	271	495	562	492
26	178	58	54	38	63	74	66	181	1397	440	407	271	496	562	491
26	552	58	54	38	63	74	66	180	4024	441	408	272	495	565	493
26	96	58	54	38	64	74	66	179	741	440	408	272	495	563	492
26	198	58	54	38	63	74	66	181	1561	442	407	272	495	563	492
26	86	58	54	38	63	74	66	181	663	441	407	273	494	561	493
26	402	58	54	37	63	75	66	181	3182	440	408	271	494	564	493
26	287	58	54	37	63	75	66	181	2267	442	408	273	494	563	494
26	240	58	54	38	63	74	66	181	1892	440	407	271	495	563	491
25	110	58	54	37	63	75	66	181	852	442	409	273	495	564	494
26	117	58	54	37	63	74	65	180	908	443	407	272	495	563	492
27	100	58	54	38	63	74	66	180	778	440	407	271	495	562	491
26	333	58	54	37	63	74	66	181	2633	439	407	271	494	564	492
26	152	58	54	38	63	74	66	180	1189	442	409	271	494	565	492
27	236	58	54	37	63	74	65	181	1865	439	407	271	495	563	492
26	336	59	54	38	63	74	66	180	2657	442	409	273	495	563	492
26	368	58	54	38	63	74	66	179	2910	440	407	272	496	563	491
26	96	58	54	37	63	75	66	181	745	438	408	272	495	564	494
26	271	58	54	38	63	74	66	181	2135	441	408	273	497	563	492
26	195	58	54	38	63	74	66	180	1533	439	405	273	497	562	491
26	186	58	54	38	63	74	66	180	1455	440	407	272	494	563	491
26	167	58	54	37	64	75	66	181	1308	443	407	272	496	564	492
26	358	58	54	38	63	74	66	180	2833	441	405	270	495	563	492
26	132	59	54	37	64	74	65	180	1029	441	407	272	496	564	491
26	159	58	54	38	63	74	66	180	1247	441	407	273	495	562	492
26	94	58	54	37	63	74	65	181	724	441	408	274	494	564	490
26	108	58	54	38	63	74	66	180	834	442	408	272	495	563	494
26	358	58	54	38	63	74	66	180	2831	440	407	273	497	563	493
26	330	58	54	37	63	74	65	180	2610	439	407	273	494	564	492
26	360	58	54	37	63	74	65	180	2846	439	407	272	495	562	490
26	291	58	54	37	63	74	65	180	2294	440	406	271	494	561	490
26	93	58	54	37	63	74	66	180	711	442	408	273	494	562	493
26	132	58	54	38	63	74	66	180	1029	440	405	271	496	563	490
26	263	58	53	38	63	74	66	179	2075	440	406	272	495	561	492
26	100	58	54	38	63	74	66	181	776	442	408	273	493	560	492
26	172	58	54	38	63	74	66	181	1344	441	408	272	497	563	492
26	341	58	54	38	63	74	66	181	2700	441	407	271	497	563	492
26	193	58	54	37	64	75	65	181	1517	440	407	272	495	563	492
26	89	58	55	37	63	75	65	181	680	441	409	273	495	563	491
26	298	58	54	37	64	74	65	180	2355	439	406	272	494	563	491
26	175	58	53	37	63	74	66	180	1369	440	404	271	493	563	492
26	85	58	54	38	63	75	66	180	651	441	406	272	495	562	493
26	124	59	54	37	63	74	66	181	963	442	406	271	496	562	493
26	494	59	54	38	63	75	66	180	3900	441	407	271	495	563	493
26	454	58	54	37	64	74	66	181	3603	441	406	274	496	562	493
26	637	57	54	37	63	74	66	180	3981	440	406	270	493	563	493
26	330	58	54	38	63	74	66	180	2605	441	407	270	495	563	494
26	244	58	55	38	64	74	66	182	1926	440	408	273	494	564	492
26	75	58	54	38	63	74	66	180	569	440	405	272	494	563	490
26	107	58	54	37	63	74	65	181	828	441	406	270	494	563	492
27	273	58	54	38	62	74	66	181	2152	441	407	270	494	562	492
26	210	58	54	37	63	75	66	180	1647	440	409	271	495	564	493
26	194	58	54	38	63	74	66	181	1522	442	409	271	494	562	492
26	245	58	54	38	64	74	66	181	1927	440	408	271	496	563	491
26	160	58	54	38	63	74	66	181	1246	440	407	273	495	562	491
26	87	58	54	38	63	75	66	180	670	439	405	273	495	562	491
26	87	58	54	37	63	74	65	180	671	439	405	273	495	564	492
26	104	58	54	37	63	74	65	181	805	442	407	271	494	561	493
26	129	58	54	37	63	74	66	180	1009	441	408	270	495	561	493
26	312	58	54	38	63	75	66	181	2466	440	408	273	495	563	493
27	285	58	54	38	63	74	66	180	2248	440	407	272	494	562	492
26	306	59	54	37	64	74	65	180	2418	442	406	272	494	564	492
26	134	58	54	38	63	74	66	180	1040	440	407	272	493	562	492
26	191	58	55	38	64	74	66	182	1498	439	408	272	496	563	491
26	176	58	54	38	63	74	66	180	1380	440	407	272	495	563	493
26	104	58	54	38	63	74	66	181	808	439	405	271	495	562	492
26	74	58	54	38	63	74	66	181	565	441	408	271	496	562	493
26	211	59	54	37	64	74	66	181	1654	441	406	274	496	563	493
26	156	58	55	38	63	74	66	181	1220	441	408	271	494	563	492
26	207	59	54	38	64	74	66	181	1622	440	407	272	497	562	490
26	102	58	54	37	63	74	65	180	791	442	407	271	495	562	492
26	123	58	54	38	63	74	66	181	955	441	409	271	493	562	493
26	188	58	54	38	62	74	66	181	1473	441	409	272	493	563	491
26	310	59	54	38	63	74	66	181	2442	441	407	271	496	561	492
26	255	59	54	38	63	74	66	180	2005	442	407	274	494	564	492
26	131	58	54	38	63	74	66	183	1017	440	405	273	496	562	492
26	368	59	54	37	63	75	65	181	2907	442	406	272	494	564	491
26	182	58	54	37	63	74	65	179	1425	440	408	273	494	561	491
26	178	58	54	38	63	74	66	180	1395	440	409	272	494	562	491
27	157	59	54	38	63	74	65	181	1227	441	407	270	495	563	491
26	258	58	54	38	63	74	66	181	2031	440	407	272	495	565	490
26	340	58	54	38	63	73	66	181	2689	440	406	272	495	563	492
26	87	58	55	38	63	74	66	181	671	441	408	272	495	562	491
26	149	58	54	37	63	74	65	182	1166	441	407	272	496	563	492
27	321	59	54	38	64	73	66	181	2530	442	408	270	495	561	490
26	122	59	55	38	63	74	66	182	953	442	408	272	493	563	491
26	132	58	54	37	63	74	66	181	1026	441	407	271	494	563	493
26	171	58	54	38	63	74	66	180	1339	439	406	272	494	564	491
26	164	59	55	38	63	74	66	181	1285	441	408	272	496	564	490
26	282	58	54	38	63	74	66	180	2226	442	407	273	493	563	493
26	159	58	55	37	63	74	66	182	1244	441	408	271	494	563	492
27	195	58	54	38	63	74	66	181	1531	441	406	272	494	562	490
26	345	59	54	37	63	74	66	180	2720	441	407	271	495	563	492
26	116	58	55	38	63	74	66	181	902	440	407	272	496	563	493
26	160	59	55	37	63	74	65	181	1247	441	407	271	493	563	491
27	152	58	54	37	63	74	65	181	1181	440	406	271	495	561	492
27	205	59	54	38	63	74	66	180	1607	442	408	272	496	564	492
26	178	58	54	37	63	74	66	180	1392	440	405	269	493	562	489
27	124	58	54	38	63	74	66	180	962	438	407	271	495	561	491
27	161	59	54	37	63	75	65	179	1252	442	408	272	495	564	492
26	128	59	55	37	63	74	66	180	997	442	409	271	496	564	492
26	187	59	55	37	63	75	66	180	1467	442	408	273	496	564	492
26	339	58	54	38	63	74	65	181	2680	440	407	272	494	564	492
27	383	59	54	37	63	74	66	179	3024	441	407	271	492	562	491
26	162	58	54	37	63	74	66	180	1268	441	406	271	493	562	491
26	152	58	55	37	63	74	66	180	1182	438	407	272	494	562	491
26	363	58	54	37	63	74	66	180	2870	441	407	270	494	562	491
27	206	59	54	38	63	74	66	181	1620	440	407	272	495	563	492
26	156	58	54	37	63	74	65	179	1217	440	405	273	494	561	491
27	386	59	55	37	63	74	66	180	3045	440	407	270	495	562	492
26	348	59	54	38	63	74	65	181	2751	441	406	272	495	563	491
27	127	59	54	37	63	75	65	181	985	441	408	270	495	562	492
27	597	58	55	37	63	74	66	181	3914	441	409	270	495	564	491
26	227	58	54	38	63	74	66	180	1786	441	406	272	495	563	491
26	350	59	54	38	63	74	65	181	2768	442	409	272	497	562	489
26	177	59	55	38	63	74	66	182	1385	442	407	273	496	562	491
26	216	59	54	38	63	74	66	181	1693	441	408	272	495	562	493
27	189	58	54	38	63	74	66	182	1486	439	407	271	494	562	492
26	91	58	54	38	63	73	66	181	698	441	406	271	496	561	491
27	221	58	54	37	63	74	66	180	1735	441	406	271	495	564	492
26	215	58	55	38	63	74	65	181	1692	441	410	274	495	562	491
26	361	59	55	37	63	74	66	180	2854	441	410	270	492	563	492
27	79	59	54	37	63	74	66	181	602	442	408	272	496	563	492
26	97	58	55	37	63	74	66	181	754	441	407	272	495	565	492
27	144	59	55	37	63	74	66	181	1120	442	408	271	496	562	492
27	95	58	55	37	63	74	66	181	723	440	407	271	496	561	492
26	320	58	54	37	63	74	66	181	2524	440	408	271	495	563	491
27	109	58	54	38	63	74	65	180	840	442	407	273	495	565	492
27	325	59	54	37	63	74	65	182	2564	441	407	270	496	565	492
26	326	59	54	38	63	74	66	181	2576	442	408	271	495	564	492
26	131	59	54	37	63	75	66	180	1014	440	405	272	494	564	494
26	168	59	55	37	63	74	66	181	1312	442	406	270	496	562	490
26	179	58	55	37	63	75	66	181	1402	440	408	271	495	564	492
26	76	58	54	38	63	74	65	180	575	440	408	271	494	563	491
26	214	58	55	37	63	74	65	181	1679	439	410	273	494	564	492
27	174	59	55	38	63	74	66	181	1359	443	408	271	494	565	493
27	414	58	54	37	63	74	66	180	3276	440	407	271	494	563	493
27	79	58	55	37	63	74	66	182	603	443	409	273	494	564	492
27	143	59	54	37	63	74	66	181	1112	441	406	271	494	563	492
27	150	59	55	37	63	74	66	182	1178	442	406	272	495	561	491
26	178	59	54	37	63	74	66	180	1394	439	407	272	496	563	491
27	225	58	55	37	64	74	65	180	1773	440	409	271	496	564	492
26	170	59	55	37	63	74	66	180	1323	442	407	271	495	562	491
27	128	59	54	38	63	74	66	181	993	440	407	274	497	564	493
27	293	59	54	38	63	74	65	182	2305	441	405	273	494	562	491
26	110	59	55	38	63	74	66	182	848	440	406	273	496	563	491
27	77	58	54	37	63	74	66	182	584	441	408	272	494	565	492
26	76	59	54	38	63	73	66	182	580	442	406	272	494	563	491
26	450	59	54	37	63	74	65	181	3561	439	407	272	495	563	490
26	106	59	54	37	63	74	65	180	811	441	408	271	496	562	491
27	191	58	55	37	63	74	65	181	1501	440	407	272	496	564	492
27	486	59	54	37	63	73	66	181	3842	439	407	270	493	561	491
26	126	59	55	37	62	74	66	182	980	441	409	272	494	562	493
27	167	58	54	37	63	74	65	181	1304	443	408	271	494	564	493
27	233	59	54	37	63	74	65	181	1831	443	408	271	494	564	492
27	84	58	54	37	63	74	66	182	646	442	408	272	495	563	493
27	118	59	54	37	63	74	66	180	906	441	408	273	494	563	492
27	104	59	55	37	63	74	65	182	799	440	407	272	496	562	492
27	307	59	54	37	63	73	65	181	2420	441	406	272	495	562	489
26	175	59	55	37	63	74	65	180	1364	441	408	273	496	564	491
26	109	59	54	37	63	74	66	181	842	441	407	273	494	562	493
27	201	58	54	37	63	74	65	182	1575	441	408	271	494	563	492
26	97	58	55	37	63	74	65	182	745	441	408	272	494	562	492
27	134	58	55	38	63	74	66	181	1042	441	407	272	495	561	490
26	424	59	55	37	63	74	66	180	3351	442	407	274	495	563	491
26	123	59	55	38	63	74	66	181	953	442	410	272	495	562	492
26	313	58	55	37	63	74	66	181	2471	439	406	271	496	563	493
27	243	58	54	37	63	73	66	181	1905	440	408	271	494	562	492
26	126	58	55	37	63	74	66	181	977	442	408	271	494	563	492
26	279	59	54	37	63	74	65	181	2196	442	405	271	495	564	492
26	502	59	55	37	63	74	65	181	3856	443	407	273	494	563	490
27	134	59	55	37	63	74	65	181	1040	440	407	271	493	563	492
27	234	58	55	38	63	74	65	182	1835	440	408	272	495	562	491
27	354	59	55	37	63	73	66	181	2789	441	407	270	495	561	491
27	336	58	55	37	63	73	65	181	2651	442	407	271	495	562	491
26	173	59	55	37	62	73	66	182	1349	441	409	271	492	561	493
27	279	59	55	37	63	74	65	181	2197	442	408	271	494	562	493
27	311	59	54	37	63	74	65	181	2449	441	406	271	495	564	494
26	348	59	54	37	62	74	65	180	2746	442	407	271	494	563	490
27	115	58	54	37	63	74	65	180	882	442	407	272	495	563	491
27	364	59	54	37	63	74	65	180	2872	440	407	272	495	562	491
27	156	58	54	37	63	74	65	181	1216	440	407	272	494	563	491
27	171	59	55	37	63	74	65	181	1336	441	406	271	494	562	491
25	163	57	53	37	64	75	66	180	1283	438	406	271	495	564	492
26	104	57	53	38	63	75	66	181	807	439	405	272	494	565	491
25	173	58	53	37	64	74	66	181	1362	440	406	269	495	563	495
25	327	58	53	37	63	75	66	179	2581	439	406	270	496	563	493
26	303	58	53	37	63	75	66	180	2396	441	406	271	494	562	494
25	359	58	54	37	63	75	65	179	2840	439	406	270	495	562	491
26	290	58	53	37	63	75	65	179	2288	438	405	272	493	562	491
25	156	58	53	37	64	75	66	179	1215	439	405	273	496	562	492
25	292	58	54	38	64	75	66	181	2307	442	406	273	495	564	493
25	363	58	54	38	63	74	66	180	2873	437	407	272	495	562	491
25	227	58	53	38	63	74	66	180	1789	440	405	273	494	562	492
25	96	57	53	37	63	74	66	181	746	438	407	273	495	563	492
25	150	58	54	37	64	75	66	179	1171	440	407	272	495	563	493
26	140	58	54	38	64	74	66	180	1093	442	407	271	496	563	494
25	185	58	54	38	63	74	66	180	1453	441	406	270	494	562	492
25	362	58	54	37	63	75	66	179	2869	441	407	272	495	564	492
26	298	58	53	38	64	74	66	181	2353	439	406	271	496	564	491
26	170	58	54	37	64	75	65	181	1334	442	405	272	496	563	492
26	148	58	54	38	63	75	66	179	1157	439	408	272	496	563	492
25	253	58	53	38	63	74	66	181	1995	441	406	272	496	564	493
26	226	58	54	37	64	74	65	180	1777	442	405	271	493	561	491
26	184	58	53	37	64	74	66	180	1444	442	404	270	496	562	489
25	141	58	54	38	64	74	66	181	1099	441	407	272	495	564	493
25	621	58	53	38	63	74	66	179	4072	441	405	273	494	563	492
25	85	58	54	37	64	74	66	180	649	440	407	272	495	563	493
26	307	58	54	38	64	74	66	181	2431	443	406	271	496	564	492
26	290	58	54	38	64	74	66	180	2291	440	408	271	494	563	492
26	100	58	54	37	63	75	65	180	776	441	407	273	494	564	491
26	539	58	54	38	64	74	66	179	4067	440	407	271	496	564	493
25	92	58	54	38	63	75	66	180	709	440	406	272	495	563	492
26	82	58	53	38	63	74	66	181	628	442	405	274	494	563	492
25	158	58	53	38	64	74	66	182	1235	441	405	271	496	564	489
26	430	58	54	38	63	74	66	180	3402	441	407	272	496	563	493
26	86	58	54	38	63	74	66	180	658	440	405	272	494	562	492
25	144	58	54	38	63	75	66	180	1129	439	407	274	495	565	492
26	150	58	54	38	63	74	66	180	1174	440	405	270	492	563	494
26	149	58	54	38	63	74	66	181	1170	440	407	273	496	562	492
26	188	58	54	38	64	74	66	180	1472	442	407	271	496	563	490
26	97	58	53	38	63	74	66	181	749	441	405	272	496	564	491
26	126	58	54	38	64	74	66	181	981	441	408	271	495	563	493
26	330	58	54	38	63	74	66	182	2616	440	407	272	495	563	493
26	140	58	54	37	64	75	65	181	1097	443	406	273	495	563	492
25	346	58	54	38	64	74	66	180	2738	441	408	272	495	564	493
26	88	58	54	38	63	74	66	181	671	441	408	272	497	563	491
26	109	58	54	37	63	75	66	180	841	441	405	273	494	562	492
26	147	58	54	38	63	74	66	180	1147	440	408	273	495	564	492
26	135	58	54	38	63	75	66	181	1055	442	406	272	495	563	493
27	132	58	54	37	63	75	65	181	1026	443	407	272	495	566	492
25	87	58	54	37	62	75	66	181	672	439	408	271	494	563	492
26	292	58	54	38	63	74	66	181	2307	437	406	272	493	562	491
26	175	58	54	38	63	75	66	180	1373	440	407	271	497	564	492
26	154	58	54	38	63	74	66	181	1205	441	407	272	494	563	493
26	81	58	54	38	63	75	65	180	616	440	407	273	494	564	491
25	131	58	54	38	63	74	66	179	1020	441	406	271	495	562	492
26	143	58	54	38	63	74	66	182	1118	440	408	272	495	563	492
26	114	58	53	37	63	75	65	180	889	440	406	272	494	564	493
26	329	59	54	37	63	74	65	180	2597	440	407	270	496	563	493
26	198	58	54	38	64	74	66	181	1554	439	408	272	495	564	491
26	167	57	54	37	63	74	66	179	1313	438	407	273	493	563	492
26	145	58	54	38	63	74	66	180	1133	441	409	272	494	563	493
26	196	58	54	38	63	74	66	180	1541	440	407	272	494	563	491
26	69	58	54	38	63	74	66	181	523	441	407	271	495	563	492
25	228	58	54	37	63	75	65	180	1795	442	406	272	494	565	493
26	293	58	54	38	63	74	66	181	2320	441	407	273	496	565	490
26	104	58	54	37	63	74	66	180	802	440	408	271	493	562	492
26	114	58	54	38	63	75	66	181	885	441	405	274	494	564	492
26	382	58	54	37	63	74	65	181	3023	441	406	273	494	563	492
26	173	58	54	38	63	74	66	181	1356	437	405	271	495	562	489
26	80	58	54	38	63	74	67	180	615	440	407	273	494	564	494
26	121	58	54	38	64	75	66	180	944	442	408	273	495	562	493
26	100	58	54	38	63	74	66	181	768	442	406	272	497	566	492
26	159	58	54	37	63	74	66	179	1240	441	407	272	495	563	493
26	308	58	53	38	63	74	66	180	2433	441	406	271	495	564	491
26	705	58	54	38	64	73	66	181	4022	440	407	272	495	563	492
26	335	58	54	37	64	75	66	180	2647	441	407	272	496	564	493
26	331	58	54	38	63	74	66	180	2614	437	408	271	493	562	492
26	141	58	54	37	63	74	65	180	1102	440	407	272	495	563	491
26	158	58	54	38	64	74	66	179	1233	440	406	272	495	563	493
26	301	58	54	38	63	74	66	181	2384	441	407	272	495	561	492
26	168	58	54	37	64	74	65	181	1312	442	407	271	496	563	492
26	98	58	54	37	64	75	65	180	755	440	409	271	494	563	492
26	215	58	54	37	64	75	66	180	1693	441	407	272	495	565	493
26	145	58	54	37	63	74	65	180	1124	440	408	272	495	562	490
26	502	58	54	37	63	74	65	181	3952	440	407	270	495	562	492
26	171	59	54	37	63	75	66	182	1333	441	406	270	495	564	492
26	172	58	54	38	63	74	66	181	1353	440	407	272	494	565	492
27	72	58	54	38	63	74	66	183	551	441	408	273	494	563	494
26	128	58	54	38	64	74	66	182	994	441	409	272	496	565	493
26	192	59	54	37	63	75	66	182	1505	439	406	273	494	563	492
26	181	58	54	37	63	74	65	180	1422	440	408	271	494	564	492
26	283	58	54	38	63	74	66	180	2231	440	408	272	495	563	491
26	338	58	54	37	63	74	65	181	2672	441	405	272	494	564	492
26	165	58	54	37	64	74	66	182	1294	441	408	270	495	564	492
26	463	58	54	37	63	74	66	179	3667	440	407	270	495	564	492
26	79	58	54	38	63	74	66	179	610	443	408	271	496	563	493
26	98	58	54	38	63	74	66	181	757	442	407	271	494	563	492
26	146	58	54	38	64	74	66	182	1143	440	407	272	496	564	491
26	94	58	54	38	63	75	66	182	726	441	408	272	494	565	492
26	189	58	53	38	64	74	66	180	1482	439	407	273	495	562	491
26	124	58	54	38	63	75	66	181	960	438	407	272	494	564	492
26	280	58	53	37	63	74	65	180	2215	440	406	270	496	562	490
27	133	58	54	38	63	74	66	181	1029	441	408	272	496	562	493
26	147	58	54	38	63	74	66	182	1147	442	407	271	494	564	491
26	805	57	53	37	63	74	65	180	3992	441	405	272	495	563	491
26	331	59	54	37	63	74	66	180	2613	440	408	272	496	562	491
26	113	58	54	38	63	74	66	182	878	442	406	271	494	561	492
26	165	58	53	38	63	74	66	181	1292	442	405	272	495	562	491
26	84	58	54	37	63	74	66	181	639	441	408	270	493	564	491
26	258	58	54	38	63	74	66	180	2030	440	405	271	495	563	490
26	138	58	54	37	63	74	65	181	1074	441	407	271	492	563	491
26	346	58	53	38	63	74	66	181	2732	440	407	270	494	563	492
26	230	58	54	37	63	75	65	180	1812	439	407	271	494	565	491
26	135	58	54	38	63	74	66	180	1050	441	408	271	493	563	493
26	162	58	55	38	64	74	66	181	1273	443	409	271	493	564	492
26	121	58	53	37	63	74	65	181	937	441	407	272	494	563	493
26	355	58	54	37	63	74	66	181	2805	441	407	272	495	564	494
26	98	58	54	38	63	74	66	179	754	440	407	272	495	563	494
26	161	58	54	37	63	75	65	180	1258	440	407	270	495	564	493
26	261	59	54	38	63	74	66	181	2058	442	405	271	495	563	492
26	158	59	54	38	63	74	66	181	1234	443	409	274	495	564	493
26	158	58	54	38	63	74	66	181	1235	441	408	272	494	564	492
26	324	58	54	38	63	74	66	182	2564	441	408	273	495	564	492
26	290	59	55	38	63	74	66	181	2288	442	409	271	496	564	492
26	213	59	54	38	63	74	66	181	1675	442	409	272	494	563	493
26	129	59	55	38	63	74	66	181	1007	442	407	272	495	564	492
26	409	59	54	38	63	74	66	180	3235	440	409	271	495	564	492
26	213	59	54	37	64	74	65	180	1671	440	408	271	493	562	491
26	346	58	54	37	63	74	65	181	2733	441	408	272	495	564	492
26	286	59	55	38	63	74	66	180	2260	441	409	273	496	564	492
26	192	58	54	37	63	74	65	181	1501	439	405	273	494	563	492
26	80	58	54	37	63	74	66	181	611	440	407	270	494	563	492
26	123	59	54	37	63	74	66	181	953	442	407	269	494	562	492
26	327	58	54	38	63	74	66	181	2576	441	406	271	495	563	493
26	194	58	55	38	63	74	66	180	1526	441	408	274	495	561	491
26	109	58	54	37	63	74	65	181	844	440	406	272	492	561	491
26	291	58	54	37	63	74	65	180	2300	441	408	272	495	565	491
26	168	59	54	37	63	74	65	181	1314	442	407	272	495	562	492
26	96	58	54	38	63	74	66	180	741	440	405	273	495	562	491
26	142	58	54	37	63	75	65	180	1113	441	406	272	494	564	491
26	243	58	54	38	63	74	66	181	1908	441	405	271	495	564	490
26	84	58	55	37	63	74	66	181	644	442	410	273	495	563	494
26	130	58	54	38	64	74	66	180	1009	441	404	271	494	564	490
26	259	59	55	38	63	74	66	180	2040	442	406	270	494	563	491
26	155	58	54	37	63	74	65	181	1209	438	407	272	493	562	492
26	287	58	55	37	64	74	66	181	2264	439	406	270	494	562	492
26	332	58	54	37	63	75	65	180	2620	443	408	272	494	564	492
27	291	59	54	38	63	74	66	181	2292	443	406	271	495	563	492
26	127	58	54	37	63	74	66	182	987	441	407	271	492	564	490
27	317	58	54	37	63	75	65	181	2498	441	407	270	494	564	492
26	90	59	55	38	63	74	66	182	694	441	407	271	494	564	492
27	145	58	54	38	63	74	66	181	1133	441	407	270	494	563	490
26	78	58	55	37	63	74	65	179	593	440	408	270	494	563	492
26	312	59	54	37	63	75	65	181	2459	442	409	273	494	564	492
26	345	58	55	37	63	74	65	181	2722	441	407	274	495	562	492
26	120	58	54	37	63	74	66	181	931	441	406	270	495	562	491
26	199	58	54	37	63	75	65	180	1556	439	405	272	496	565	490
27	81	58	55	37	63	74	66	182	619	440	406	270	495	562	492
26	312	59	54	37	63	74	65	181	2461	441	406	272	494	563	492
27	315	58	54	38	63	74	65	183	2487	441	407	271	495	562	491
26	129	58	54	37	63	74	66	181	1004	444	405	272	495	565	493
26	171	59	54	38	62	74	66	181	1334	440	407	272	495	563	490
26	146	58	55	37	63	74	66	180	1144	442	408	272	493	562	492
27	83	58	54	37	63	74	66	180	636	440	407	273	495	563	492
26	159	59	55	38	63	74	65	181	1240	441	408	270	494	563	491
27	170	59	54	38	63	74	66	183	1326	441	407	273	494	562	492
27	354	59	54	38	63	74	65	181	2794	444	408	273	494	563	491
26	161	59	55	38	63	74	66	182	1251	442	406	273	493	563	492
26	90	58	55	37	63	74	66	181	696	440	408	271	494	561	491
26	104	58	54	37	63	74	65	180	805	442	408	272	493	563	491
26	147	59	55	37	63	74	66	181	1146	441	406	271	496	562	491
26	82	59	54	37	63	74	66	180	629	442	408	270	495	564	492
26	153	59	54	37	63	74	66	182	1191	441	407	272	495	563	494
27	193	59	54	37	63	74	65	180	1511	442	407	272	494	563	491
27	326	59	54	37	63	74	65	182	2575	441	407	271	495	565	491
27	219	58	54	38	63	74	66	181	1720	441	407	270	496	564	493
26	205	58	55	38	63	74	66	181	1611	440	409	272	494	564	492
27	337	59	54	38	63	73	66	181	2658	442	407	272	493	561	492
27	136	59	55	37	63	74	65	181	1058	441	407	272	494	562	493
25	244	59	55	37	63	75	65	181	1921	438	408	270	494	563	491
27	203	58	54	37	63	74	65	181	1591	439	407	271	493	561	489
26	131	59	54	37	63	74	65	181	1016	441	407	273	493	562	490
27	324	58	55	37	63	74	65	181	2557	438	408	271	495	562	490
26	136	58	55	37	64	74	66	180	1058	441	408	270	496	563	493
26	77	59	55	37	63	74	66	182	591	440	407	269	494	563	493
26	454	59	54	37	63	74	66	180	3594	441	406	272	494	562	493
27	154	58	55	37	63	74	66	181	1205	442	409	271	495	564	492
27	322	59	54	37	62	74	66	180	2534	439	406	271	494	562	493
26	474	59	54	37	63	74	66	180	3747	442	406	272	495	564	492
26	163	59	55	37	63	74	66	182	1274	444	409	271	493	563	492
27	161	58	54	37	63	74	65	180	1256	439	408	272	495	562	491
26	250	59	55	38	63	74	65	181	1964	443	408	273	496	563	492
26	311	58	55	38	63	74	65	181	2459	441	409	273	492	564	491
27	337	59	54	37	63	74	65	181	2657	442	408	272	495	562	491
27	382	59	54	37	63	74	65	181	3018	443	408	273	494	563	491
26	521	59	54	38	62	74	66	181	3901	443	408	272	495	563	491
27	89	58	54	37	63	74	65	180	685	440	407	272	493	563	491
26	306	59	55	38	63	74	65	180	2416	440	407	273	493	562	490
27	84	58	55	38	63	74	66	182	639	442	407	270	494	563	492
27	167	58	54	38	63	74	66	181	1305	442	408	273	494	563	491
27	242	58	55	37	63	74	66	182	1906	439	409	272	493	564	493
27	107	59	55	37	63	74	66	181	828	442	408	271	495	563	493
26	110	59	55	37	63	74	66	180	853	440	406	271	497	562	492
27	301	58	54	37	62	74	66	181	2373	440	407	272	493	563	491
26	259	59	54	38	63	74	65	179	2035	440	407	273	495	563	491
27	139	59	54	37	63	74	65	181	1077	441	407	271	495	562	489
26	141	59	55	38	63	74	66	180	1100	442	409	272	495	562	494
27	356	59	55	37	63	74	66	181	2814	440	407	273	495	563	493
27	326	58	54	38	63	74	65	181	2569	440	408	270	493	564	491
27	306	59	54	38	63	74	66	180	2412	442	408	271	495	564	493
27	167	59	54	37	63	74	65	181	1303	442	408	272	493	563	490
26	117	58	54	38	63	74	66	181	902	441	407	271	493	563	493
26	201	59	55	37	63	74	66	180	1582	440	407	270	495	563	492
26	77	59	54	38	63	74	65	180	589	442	408	273	493	563	490
26	112	58	54	37	63	74	66	179	869	442	407	272	495	564	494
26	201	59	54	37	63	74	65	181	1576	441	408	269	493	563	492
26	306	59	54	37	63	74	65	181	2410	441	406	270	492	562	492
27	168	59	54	37	63	73	66	180	1313	440	407	271	495	563	490
27	345	58	54	37	63	74	65	181	2723	439	408	271	495	562	491
27	110	59	54	37	63	74	66	182	847	440	408	271	496	565	490
27	254	59	54	38	63	74	66	181	1996	441	407	272	495	562	493
27	158	59	54	38	63	74	66	181	1233	441	409	272	496	563	492
27	117	59	55	37	63	74	65	181	904	442	409	272	493	563	491
27	214	59	54	37	63	74	65	181	1679	440	408	272	492	562	491
26	171	58	55	37	63	74	65	180	1343	442	407	273	494	564	492
27	209	58	54	37	63	74	66	180	1641	442	406	271	495	564	490
27	150	59	54	38	63	74	66	181	1169	442	407	273	495	563	492
26	100	58	54	37	63	74	66	180	764	441	409	272	494	562	491
27	315	59	54	37	63	74	65	180	2482	439	408	271	494	563	491
26	193	59	55	37	63	74	65	182	1513	439	408	272	495	564	492
26	123	58	55	37	63	74	66	180	950	441	407	270	492	563	491
27	97	58	55	37	63	74	66	181	745	442	408	271	493	563	492
26	76	59	55	37	62	74	66	181	584	440	406	273	493	565	491
27	684	58	54	37	63	74	66	181	3863	442	407	273	495	564	493
27	121	58	54	37	63	74	65	183	933	443	406	271	495	562	491
26	165	59	54	37	63	74	65	181	1290	442	406	270	496	562	492
26	458	59	54	37	62	74	65	181	3630	441	407	272	494	563	492
27	137	59	54	37	63	74	65	180	1065	440	407	273	494	562	492
26	178	59	55	37	62	74	65	181	1397	441	406	271	494	560	491
27	158	59	55	37	63	74	65	182	1237	439	408	272	496	561	490
26	354	59	55	37	62	74	65	180	2793	442	409	270	493	562	491
26	358	59	55	38	63	74	66	182	2826	443	408	273	493	564	492
26	278	59	55	37	63	74	65	181	2189	444	407	273	496	563	491
27	313	59	55	37	63	74	66	181	2466	443	406	271	495	563	491
26	190	59	54	37	63	73	66	179	1489	441	409	271	496	561	493
